10
270.458 -81.6401 -46.6414 -18.3264 -11.4536 -82.6289 -92.1812 29.8013 11.5513 40.3241
-81.6401 280.7 -66.7104 92.9258 46.0616 37.6995 -31.8461 -14.8289 35.4045 -98.5168
-46.6414 -66.7104 191.11 -55.9496 63.4388 -60.3015 0.503555 70.69 38.1939 93.9879
-18.3264 92.9258 -55.9496 274.255 -77.1477 11.8748 -68.7307 40.9528 -73.4245 70.9159
-11.4536 46.0616 63.4388 -77.1477 198.593 -59.5691 19.4678 -68.8772 62.6759 30.076
-82.6289 37.6995 -60.3015 11.8748 -59.5691 256.853 44.1694 15.5004 -7.0101 12.1311
-92.1812 -31.8461 0.503555 -68.7307 19.4678 44.1694 121.601 -72.8263 -95.5077 -97.5402
29.8013 -14.8289 70.69 40.9528 -68.8772 15.5004 -72.8263 282.763 27.3293 12.9429
11.5513 35.4045 38.1939 -73.4245 62.6759 -7.0101 -95.5077 27.3293 271.117 -67.3086
40.3241 -98.5168 93.9879 70.9159 30.076 12.1311 -97.5402 12.9429 -67.3086 296.197

17232.3 -9102.15 -19269.2 135.682 -8468.48 -8833.75 15696.7 -12146.8 -25102.1 -19710.7
91.3694 -42.2895 -23.5389 46.8245 15.9764 -12.3997 75.9941 -20.5481 -72.0695 -88.3602
